     2   4   -99   CALIB_HBM    1.00    1.00    1.00    1.00      347b
     2   1   -99   CALIB_HBM    1.00    1.00    1.00    1.00      347c
     2   2   -99   CALIB_HBM    1.00    1.00    1.00    1.00      347d
     3   4   -99   CALIB_HBM    1.00    1.00    1.00    1.00      347e
     3   1   -99   CALIB_HBM    1.00    1.00    1.00    1.00      347f
     3   2   -99   CALIB_HBM    1.00    1.00    1.00    1.00      3480
     2   4   -99   CALIB_HBP    1.00    1.00    1.00    1.00      3481
     2   1   -99   CALIB_HBP    1.00    1.00    1.00    1.00      3482
     2   2   -99   CALIB_HBP    1.00    1.00    1.00    1.00      3483
     3   4   -99   CALIB_HBP    1.00    1.00    1.00    1.00      3484
     3   1   -99   CALIB_HBP    1.00    1.00    1.00    1.00      3485
     3   2   -99   CALIB_HBP    1.00    1.00    1.00    1.00      3486
     2   4   -99   CALIB_HEM    1.00    1.00    1.00    1.00      3487
     2   1   -99   CALIB_HEM    1.00    1.00    1.00    1.00      3488
     2   2   -99   CALIB_HEM    1.00    1.00    1.00    1.00      3489
     2   5   -99   CALIB_HEM    1.00    1.00    1.00    1.00      348a
     2   6   -99   CALIB_HEM    1.00    1.00    1.00    1.00      348b
     2   7   -99   CALIB_HEM    1.00    1.00    1.00    1.00      348c
     3   4   -99   CALIB_HEM    1.00    1.00    1.00    1.00      348d
     3   1   -99   CALIB_HEM    1.00    1.00    1.00    1.00      348e
     3   2   -99   CALIB_HEM    1.00    1.00    1.00    1.00      348f
     3   5   -99   CALIB_HEM    1.00    1.00    1.00    1.00      3490
     3   6   -99   CALIB_HEM    1.00    1.00    1.00    1.00      3491
     3   7   -99   CALIB_HEM    1.00    1.00    1.00    1.00      3492
     2   4   -99   CALIB_HEP    1.00    1.00    1.00    1.00      3493
     2   1   -99   CALIB_HEP    1.00    1.00    1.00    1.00      3494
     2   2   -99   CALIB_HEP    1.00    1.00    1.00    1.00      3495
     2   5   -99   CALIB_HEP    1.00    1.00    1.00    1.00      3496
     2   6   -99   CALIB_HEP    1.00    1.00    1.00    1.00      3497
     2   7   -99   CALIB_HEP    1.00    1.00    1.00    1.00      3498
     3   4   -99   CALIB_HEP    1.00    1.00    1.00    1.00      3499
     3   1   -99   CALIB_HEP    1.00    1.00    1.00    1.00      349a
     3   2   -99   CALIB_HEP    1.00    1.00    1.00    1.00      349b
     3   5   -99   CALIB_HEP    1.00    1.00    1.00    1.00      349c
     3   6   -99   CALIB_HEP    1.00    1.00    1.00    1.00      349d
     3   7   -99   CALIB_HEP    1.00    1.00    1.00    1.00      349e
     4   4   -99   CALIB_HBM    1.00    1.00    1.00    1.00      349f
     4   1   -99   CALIB_HBM    1.00    1.00    1.00    1.00      34a0
     4   2   -99   CALIB_HBM    1.00    1.00    1.00    1.00      34a1
     5   4   -99   CALIB_HBM    1.00    1.00    1.00    1.00      34a2
     5   1   -99   CALIB_HBM    1.00    1.00    1.00    1.00      34a3
     5   2   -99   CALIB_HBM    1.00    1.00    1.00    1.00      34a4
     4   4   -99   CALIB_HBP    1.00    1.00    1.00    1.00      34a5
     4   1   -99   CALIB_HBP    1.00    1.00    1.00    1.00      34a6
     4   2   -99   CALIB_HBP    1.00    1.00    1.00    1.00      34a7
     5   4   -99   CALIB_HBP    1.00    1.00    1.00    1.00      34a8
     5   1   -99   CALIB_HBP    1.00    1.00    1.00    1.00      34a9
     5   2   -99   CALIB_HBP    1.00    1.00    1.00    1.00      34aa
     4   4   -99   CALIB_HEM    1.00    1.00    1.00    1.00      34ab
     4   1   -99   CALIB_HEM    1.00    1.00    1.00    1.00      34ac
     4   2   -99   CALIB_HEM    1.00    1.00    1.00    1.00      34ad
     4   5   -99   CALIB_HEM    1.00    1.00    1.00    1.00      34ae
     4   6   -99   CALIB_HEM    1.00    1.00    1.00    1.00      34af
     4   7   -99   CALIB_HEM    1.00    1.00    1.00    1.00      34b0
     5   4   -99   CALIB_HEM    1.00    1.00    1.00    1.00      34b1
     5   1   -99   CALIB_HEM    1.00    1.00    1.00    1.00      34b2
     5   2   -99   CALIB_HEM    1.00    1.00    1.00    1.00      34b3
     5   5   -99   CALIB_HEM    1.00    1.00    1.00    1.00      34b4
     5   6   -99   CALIB_HEM    1.00    1.00    1.00    1.00      34b5
     5   7   -99   CALIB_HEM    1.00    1.00    1.00    1.00      34b6
     4   4   -99   CALIB_HEP    1.00    1.00    1.00    1.00      34b7
     4   1   -99   CALIB_HEP    1.00    1.00    1.00    1.00      34b8
     4   2   -99   CALIB_HEP    1.00    1.00    1.00    1.00      34b9
     4   5   -99   CALIB_HEP    1.00    1.00    1.00    1.00      34ba
     4   6   -99   CALIB_HEP    1.00    1.00    1.00    1.00      34bb
     4   7   -99   CALIB_HEP    1.00    1.00    1.00    1.00      34bc
     5   4   -99   CALIB_HEP    1.00    1.00    1.00    1.00      34bd
     5   1   -99   CALIB_HEP    1.00    1.00    1.00    1.00      34be
     5   2   -99   CALIB_HEP    1.00    1.00    1.00    1.00      34bf
     5   5   -99   CALIB_HEP    1.00    1.00    1.00    1.00      34c0
     5   6   -99   CALIB_HEP    1.00    1.00    1.00    1.00      34c1
     5   7   -99   CALIB_HEP    1.00    1.00    1.00    1.00      34c2
     6   4   -99   CALIB_HBM    1.00    1.00    1.00    1.00      34c3
     6   1   -99   CALIB_HBM    1.00    1.00    1.00    1.00      34c4
     6   2   -99   CALIB_HBM    1.00    1.00    1.00    1.00      34c5
     7   4   -99   CALIB_HBM    1.00    1.00    1.00    1.00      34c6
     7   1   -99   CALIB_HBM    1.00    1.00    1.00    1.00      34c7
     7   2   -99   CALIB_HBM    1.00    1.00    1.00    1.00      34c8
     6   4   -99   CALIB_HBP    1.00    1.00    1.00    1.00      34c9
     6   1   -99   CALIB_HBP    1.00    1.00    1.00    1.00      34ca
     6   2   -99   CALIB_HBP    1.00    1.00    1.00    1.00      34cb
     7   4   -99   CALIB_HBP    1.00    1.00    1.00    1.00      34cc
     7   1   -99   CALIB_HBP    1.00    1.00    1.00    1.00      34cd
     7   2   -99   CALIB_HBP    1.00    1.00    1.00    1.00      34ce
     6   4   -99   CALIB_HEM    1.00    1.00    1.00    1.00      34cf
     6   1   -99   CALIB_HEM    1.00    1.00    1.00    1.00      34d0
     6   2   -99   CALIB_HEM    1.00    1.00    1.00    1.00      34d1
     6   5   -99   CALIB_HEM    1.00    1.00    1.00    1.00      34d2
     6   6   -99   CALIB_HEM    1.00    1.00    1.00    1.00      34d3
     6   7   -99   CALIB_HEM    1.00    1.00    1.00    1.00      34d4
     7   4   -99   CALIB_HEM    1.00    1.00    1.00    1.00      34d5
     7   1   -99   CALIB_HEM    1.00    1.00    1.00    1.00      34d6
     7   2   -99   CALIB_HEM    1.00    1.00    1.00    1.00      34d7
     7   5   -99   CALIB_HEM    1.00    1.00    1.00    1.00      34d8
     7   6   -99   CALIB_HEM    1.00    1.00    1.00    1.00      34d9
     7   7   -99   CALIB_HEM    1.00    1.00    1.00    1.00      34da
     6   4   -99   CALIB_HEP    1.00    1.00    1.00    1.00      34db
     6   1   -99   CALIB_HEP    1.00    1.00    1.00    1.00      34dc
     6   2   -99   CALIB_HEP    1.00    1.00    1.00    1.00      34dd
     6   5   -99   CALIB_HEP    1.00    1.00    1.00    1.00      34de
     6   6   -99   CALIB_HEP    1.00    1.00    1.00    1.00      34df
     6   7   -99   CALIB_HEP    1.00    1.00    1.00    1.00      34e0
     7   4   -99   CALIB_HEP    1.00    1.00    1.00    1.00      34e1
     7   1   -99   CALIB_HEP    1.00    1.00    1.00    1.00      34e2
     7   2   -99   CALIB_HEP    1.00    1.00    1.00    1.00      34e3
     7   5   -99   CALIB_HEP    1.00    1.00    1.00    1.00      34e4
     7   6   -99   CALIB_HEP    1.00    1.00    1.00    1.00      34e5
     7   7   -99   CALIB_HEP    1.00    1.00    1.00    1.00      34e6
     8   4   -99   CALIB_HBM    1.00    1.00    1.00    1.00      34e7
     8   1   -99   CALIB_HBM    1.00    1.00    1.00    1.00      34e8
     8   2   -99   CALIB_HBM    1.00    1.00    1.00    1.00      34e9
     9   4   -99   CALIB_HBM    1.00    1.00    1.00    1.00      34ea
     9   1   -99   CALIB_HBM    1.00    1.00    1.00    1.00      34eb
     9   2   -99   CALIB_HBM    1.00    1.00    1.00    1.00      34ec
     8   4   -99   CALIB_HBP    1.00    1.00    1.00    1.00      34ed
     8   1   -99   CALIB_HBP    1.00    1.00    1.00    1.00      34ee
     8   2   -99   CALIB_HBP    1.00    1.00    1.00    1.00      34ef
     9   4   -99   CALIB_HBP    1.00    1.00    1.00    1.00      34f0
     9   1   -99   CALIB_HBP    1.00    1.00    1.00    1.00      34f1
     9   2   -99   CALIB_HBP    1.00    1.00    1.00    1.00      34f2
     8   4   -99   CALIB_HEM    1.00    1.00    1.00    1.00      34f3
     8   1   -99   CALIB_HEM    1.00    1.00    1.00    1.00      34f4
     8   2   -99   CALIB_HEM    1.00    1.00    1.00    1.00      34f5
     8   5   -99   CALIB_HEM    1.00    1.00    1.00    1.00      34f6
     8   6   -99   CALIB_HEM    1.00    1.00    1.00    1.00      34f7
     8   7   -99   CALIB_HEM    1.00    1.00    1.00    1.00      34f8
     9   4   -99   CALIB_HEM    1.00    1.00    1.00    1.00      34f9
     9   1   -99   CALIB_HEM    1.00    1.00    1.00    1.00      34fa
     9   2   -99   CALIB_HEM    1.00    1.00    1.00    1.00      34fb
     9   5   -99   CALIB_HEM    1.00    1.00    1.00    1.00      34fc
     9   6   -99   CALIB_HEM    1.00    1.00    1.00    1.00      34fd
     9   7   -99   CALIB_HEM    1.00    1.00    1.00    1.00      34fe
     8   4   -99   CALIB_HEP    1.00    1.00    1.00    1.00      34ff
     8   1   -99   CALIB_HEP    1.00    1.00    1.00    1.00      3500
     8   2   -99   CALIB_HEP    1.00    1.00    1.00    1.00      3501
     8   5   -99   CALIB_HEP    1.00    1.00    1.00    1.00      3502
     8   6   -99   CALIB_HEP    1.00    1.00    1.00    1.00      3503
     8   7   -99   CALIB_HEP    1.00    1.00    1.00    1.00      3504
     9   4   -99   CALIB_HEP    1.00    1.00    1.00    1.00      3505
     9   1   -99   CALIB_HEP    1.00    1.00    1.00    1.00      3506
     9   2   -99   CALIB_HEP    1.00    1.00    1.00    1.00      3507
     9   5   -99   CALIB_HEP    1.00    1.00    1.00    1.00      3508
     9   6   -99   CALIB_HEP    1.00    1.00    1.00    1.00      3509
     9   7   -99   CALIB_HEP    1.00    1.00    1.00    1.00      350a
    10   4   -99   CALIB_HBM    1.00    1.00    1.00    1.00      350b
    10   1   -99   CALIB_HBM    1.00    1.00    1.00    1.00      350c
    10   2   -99   CALIB_HBM    1.00    1.00    1.00    1.00      350d
    11   4   -99   CALIB_HBM    1.00    1.00    1.00    1.00      350e
    11   1   -99   CALIB_HBM    1.00    1.00    1.00    1.00      350f
    11   2   -99   CALIB_HBM    1.00    1.00    1.00    1.00      3510
    10   4   -99   CALIB_HBP    1.00    1.00    1.00    1.00      3511
    10   1   -99   CALIB_HBP    1.00    1.00    1.00    1.00      3512
    10   2   -99   CALIB_HBP    1.00    1.00    1.00    1.00      3513
    11   4   -99   CALIB_HBP    1.00    1.00    1.00    1.00      3514
    11   1   -99   CALIB_HBP    1.00    1.00    1.00    1.00      3515
    11   2   -99   CALIB_HBP    1.00    1.00    1.00    1.00      3516
    10   4   -99   CALIB_HEM    1.00    1.00    1.00    1.00      3517
    10   1   -99   CALIB_HEM    1.00    1.00    1.00    1.00      3518
    10   2   -99   CALIB_HEM    1.00    1.00    1.00    1.00      3519
    10   5   -99   CALIB_HEM    1.00    1.00    1.00    1.00      351a
    10   6   -99   CALIB_HEM    1.00    1.00    1.00    1.00      351b
    10   7   -99   CALIB_HEM    1.00    1.00    1.00    1.00      351c
    11   4   -99   CALIB_HEM    1.00    1.00    1.00    1.00      351d
    11   1   -99   CALIB_HEM    1.00    1.00    1.00    1.00      351e
    11   2   -99   CALIB_HEM    1.00    1.00    1.00    1.00      351f
    11   5   -99   CALIB_HEM    1.00    1.00    1.00    1.00      3520
    11   6   -99   CALIB_HEM    1.00    1.00    1.00    1.00      3521
    11   7   -99   CALIB_HEM    1.00    1.00    1.00    1.00      3522
    10   4   -99   CALIB_HEP    1.00    1.00    1.00    1.00      3523
    10   1   -99   CALIB_HEP    1.00    1.00    1.00    1.00      3524
    10   2   -99   CALIB_HEP    1.00    1.00    1.00    1.00      3525
    10   5   -99   CALIB_HEP    1.00    1.00    1.00    1.00      3526
    10   6   -99   CALIB_HEP    1.00    1.00    1.00    1.00      3527
    10   7   -99   CALIB_HEP    1.00    1.00    1.00    1.00      3528
    11   4   -99   CALIB_HEP    1.00    1.00    1.00    1.00      3529
    11   1   -99   CALIB_HEP    1.00    1.00    1.00    1.00      352a
    11   2   -99   CALIB_HEP    1.00    1.00    1.00    1.00      352b
    11   5   -99   CALIB_HEP    1.00    1.00    1.00    1.00      352c
    11   6   -99   CALIB_HEP    1.00    1.00    1.00    1.00      352d
    11   7   -99   CALIB_HEP    1.00    1.00    1.00    1.00      352e
    12   4   -99   CALIB_HBM    1.00    1.00    1.00    1.00      352f
    12   1   -99   CALIB_HBM    1.00    1.00    1.00    1.00      3530
    12   2   -99   CALIB_HBM    1.00    1.00    1.00    1.00      3531
    13   4   -99   CALIB_HBM    1.00    1.00    1.00    1.00      3532
    13   1   -99   CALIB_HBM    1.00    1.00    1.00    1.00      3533
    13   2   -99   CALIB_HBM    1.00    1.00    1.00    1.00      3534
    12   4   -99   CALIB_HBP    1.00    1.00    1.00    1.00      3535
    12   1   -99   CALIB_HBP    1.00    1.00    1.00    1.00      3536
    12   2   -99   CALIB_HBP    1.00    1.00    1.00    1.00      3537
    13   4   -99   CALIB_HBP    1.00    1.00    1.00    1.00      3538
    13   1   -99   CALIB_HBP    1.00    1.00    1.00    1.00      3539
    13   2   -99   CALIB_HBP    1.00    1.00    1.00    1.00      353a
    12   4   -99   CALIB_HEM    1.00    1.00    1.00    1.00      353b
    12   1   -99   CALIB_HEM    1.00    1.00    1.00    1.00      353c
    12   2   -99   CALIB_HEM    1.00    1.00    1.00    1.00      353d
    12   5   -99   CALIB_HEM    1.00    1.00    1.00    1.00      353e
    12   6   -99   CALIB_HEM    1.00    1.00    1.00    1.00      353f
    12   7   -99   CALIB_HEM    1.00    1.00    1.00    1.00      3540
    13   4   -99   CALIB_HEM    1.00    1.00    1.00    1.00      3541
    13   1   -99   CALIB_HEM    1.00    1.00    1.00    1.00      3542
    13   2   -99   CALIB_HEM    1.00    1.00    1.00    1.00      3543
    13   5   -99   CALIB_HEM    1.00    1.00    1.00    1.00      3544
    13   6   -99   CALIB_HEM    1.00    1.00    1.00    1.00      3545
    13   7   -99   CALIB_HEM    1.00    1.00    1.00    1.00      3546
    12   4   -99   CALIB_HEP    1.00    1.00    1.00    1.00      3547
    12   1   -99   CALIB_HEP    1.00    1.00    1.00    1.00      3548
    12   2   -99   CALIB_HEP    1.00    1.00    1.00    1.00      3549
    12   5   -99   CALIB_HEP    1.00    1.00    1.00    1.00      354a
    12   6   -99   CALIB_HEP    1.00    1.00    1.00    1.00      354b
    12   7   -99   CALIB_HEP    1.00    1.00    1.00    1.00      354c
    13   4   -99   CALIB_HEP    1.00    1.00    1.00    1.00      354d
    13   1   -99   CALIB_HEP    1.00    1.00    1.00    1.00      354e
    13   2   -99   CALIB_HEP    1.00    1.00    1.00    1.00      354f
    13   5   -99   CALIB_HEP    1.00    1.00    1.00    1.00      3550
    13   6   -99   CALIB_HEP    1.00    1.00    1.00    1.00      3551
    13   7   -99   CALIB_HEP    1.00    1.00    1.00    1.00      3552
    14   4   -99   CALIB_HBM    1.00    1.00    1.00    1.00      3553
    14   1   -99   CALIB_HBM    1.00    1.00    1.00    1.00      3554
    14   2   -99   CALIB_HBM    1.00    1.00    1.00    1.00      3555
    15   4   -99   CALIB_HBM    1.00    1.00    1.00    1.00      3556
    15   1   -99   CALIB_HBM    1.00    1.00    1.00    1.00      3557
    15   2   -99   CALIB_HBM    1.00    1.00    1.00    1.00      3558
    14   4   -99   CALIB_HBP    1.00    1.00    1.00    1.00      3559
    14   1   -99   CALIB_HBP    1.00    1.00    1.00    1.00      355a
    14   2   -99   CALIB_HBP    1.00    1.00    1.00    1.00      355b
    15   4   -99   CALIB_HBP    1.00    1.00    1.00    1.00      355c
    15   1   -99   CALIB_HBP    1.00    1.00    1.00    1.00      355d
    15   2   -99   CALIB_HBP    1.00    1.00    1.00    1.00      355e
    14   4   -99   CALIB_HEM    1.00    1.00    1.00    1.00      355f
    14   1   -99   CALIB_HEM    1.00    1.00    1.00    1.00      3560
    14   2   -99   CALIB_HEM    1.00    1.00    1.00    1.00      3561
    14   5   -99   CALIB_HEM    1.00    1.00    1.00    1.00      3562
    14   6   -99   CALIB_HEM    1.00    1.00    1.00    1.00      3563
    14   7   -99   CALIB_HEM    1.00    1.00    1.00    1.00      3564
    15   4   -99   CALIB_HEM    1.00    1.00    1.00    1.00      3565
    15   1   -99   CALIB_HEM    1.00    1.00    1.00    1.00      3566
    15   2   -99   CALIB_HEM    1.00    1.00    1.00    1.00      3567
    15   5   -99   CALIB_HEM    1.00    1.00    1.00    1.00      3568
    15   6   -99   CALIB_HEM    1.00    1.00    1.00    1.00      3569
    15   7   -99   CALIB_HEM    1.00    1.00    1.00    1.00      356a
    14   4   -99   CALIB_HEP    1.00    1.00    1.00    1.00      356b
    14   1   -99   CALIB_HEP    1.00    1.00    1.00    1.00      356c
    14   2   -99   CALIB_HEP    1.00    1.00    1.00    1.00      356d
    14   5   -99   CALIB_HEP    1.00    1.00    1.00    1.00      356e
    14   6   -99   CALIB_HEP    1.00    1.00    1.00    1.00      356f
    14   7   -99   CALIB_HEP    1.00    1.00    1.00    1.00      3570
    15   4   -99   CALIB_HEP    1.00    1.00    1.00    1.00      3571
    15   1   -99   CALIB_HEP    1.00    1.00    1.00    1.00      3572
    15   2   -99   CALIB_HEP    1.00    1.00    1.00    1.00      3573
    15   5   -99   CALIB_HEP    1.00    1.00    1.00    1.00      3574
    15   6   -99   CALIB_HEP    1.00    1.00    1.00    1.00      3575
    15   7   -99   CALIB_HEP    1.00    1.00    1.00    1.00      3576
    16   4   -99   CALIB_HBM    1.00    1.00    1.00    1.00      3577
    16   1   -99   CALIB_HBM    1.00    1.00    1.00    1.00      3578
    16   2   -99   CALIB_HBM    1.00    1.00    1.00    1.00      3579
    17   4   -99   CALIB_HBM    1.00    1.00    1.00    1.00      357a
    17   1   -99   CALIB_HBM    1.00    1.00    1.00    1.00      357b
    17   2   -99   CALIB_HBM    1.00    1.00    1.00    1.00      357c
    16   4   -99   CALIB_HBP    1.00    1.00    1.00    1.00      357d
    16   1   -99   CALIB_HBP    1.00    1.00    1.00    1.00      357e
    16   2   -99   CALIB_HBP    1.00    1.00    1.00    1.00      357f
    17   4   -99   CALIB_HBP    1.00    1.00    1.00    1.00      3580
    17   1   -99   CALIB_HBP    1.00    1.00    1.00    1.00      3581
    17   2   -99   CALIB_HBP    1.00    1.00    1.00    1.00      3582
    16   4   -99   CALIB_HEM    1.00    1.00    1.00    1.00      3583
    16   1   -99   CALIB_HEM    1.00    1.00    1.00    1.00      3584
    16   2   -99   CALIB_HEM    1.00    1.00    1.00    1.00      3585
    16   5   -99   CALIB_HEM    1.00    1.00    1.00    1.00      3586
    16   6   -99   CALIB_HEM    1.00    1.00    1.00    1.00      3587
    16   7   -99   CALIB_HEM    1.00    1.00    1.00    1.00      3588
    17   4   -99   CALIB_HEM    1.00    1.00    1.00    1.00      3589
    17   1   -99   CALIB_HEM    1.00    1.00    1.00    1.00      358a
    17   2   -99   CALIB_HEM    1.00    1.00    1.00    1.00      358b
    17   5   -99   CALIB_HEM    1.00    1.00    1.00    1.00      358c
    17   6   -99   CALIB_HEM    1.00    1.00    1.00    1.00      358d
    17   7   -99   CALIB_HEM    1.00    1.00    1.00    1.00      358e
    16   4   -99   CALIB_HEP    1.00    1.00    1.00    1.00      358f
    16   1   -99   CALIB_HEP    1.00    1.00    1.00    1.00      3590
    16   2   -99   CALIB_HEP    1.00    1.00    1.00    1.00      3591
    16   5   -99   CALIB_HEP    1.00    1.00    1.00    1.00      3592
    16   6   -99   CALIB_HEP    1.00    1.00    1.00    1.00      3593
    16   7   -99   CALIB_HEP    1.00    1.00    1.00    1.00      3594
    17   4   -99   CALIB_HEP    1.00    1.00    1.00    1.00      3595
    17   1   -99   CALIB_HEP    1.00    1.00    1.00    1.00      3596
    17   2   -99   CALIB_HEP    1.00    1.00    1.00    1.00      3597
    17   5   -99   CALIB_HEP    1.00    1.00    1.00    1.00      3598
    17   6   -99   CALIB_HEP    1.00    1.00    1.00    1.00      3599
    17   7   -99   CALIB_HEP    1.00    1.00    1.00    1.00      359a
    18   4   -99   CALIB_HBM    1.00    1.00    1.00    1.00      359b
    18   1   -99   CALIB_HBM    1.00    1.00    1.00    1.00      359c
    18   2   -99   CALIB_HBM    1.00    1.00    1.00    1.00      359d
     1   4   -99   CALIB_HBM    1.00    1.00    1.00    1.00      359e
     1   1   -99   CALIB_HBM    1.00    1.00    1.00    1.00      359f
     1   2   -99   CALIB_HBM    1.00    1.00    1.00    1.00      35a0
    18   4   -99   CALIB_HBP    1.00    1.00    1.00    1.00      35a1
    18   1   -99   CALIB_HBP    1.00    1.00    1.00    1.00      35a2
    18   2   -99   CALIB_HBP    1.00    1.00    1.00    1.00      35a3
     1   4   -99   CALIB_HBP    1.00    1.00    1.00    1.00      35a4
     1   1   -99   CALIB_HBP    1.00    1.00    1.00    1.00      35a5
     1   2   -99   CALIB_HBP    1.00    1.00    1.00    1.00      35a6
    18   4   -99   CALIB_HEM    1.00    1.00    1.00    1.00      35a7
    18   1   -99   CALIB_HEM    1.00    1.00    1.00    1.00      35a8
    18   2   -99   CALIB_HEM    1.00    1.00    1.00    1.00      35a9
    18   5   -99   CALIB_HEM    1.00    1.00    1.00    1.00      35aa
    18   6   -99   CALIB_HEM    1.00    1.00    1.00    1.00      35ab
    18   7   -99   CALIB_HEM    1.00    1.00    1.00    1.00      35ac
     1   4   -99   CALIB_HEM    1.00    1.00    1.00    1.00      35ad
     1   1   -99   CALIB_HEM    1.00    1.00    1.00    1.00      35ae
     1   2   -99   CALIB_HEM    1.00    1.00    1.00    1.00      35af
     1   5   -99   CALIB_HEM    1.00    1.00    1.00    1.00      35b0
     1   6   -99   CALIB_HEM    1.00    1.00    1.00    1.00      35b1
     1   7   -99   CALIB_HEM    1.00    1.00    1.00    1.00      35b2
    18   4   -99   CALIB_HEP    1.00    1.00    1.00    1.00      35b3
    18   1   -99   CALIB_HEP    1.00    1.00    1.00    1.00      35b4
    18   2   -99   CALIB_HEP    1.00    1.00    1.00    1.00      35b5
    18   5   -99   CALIB_HEP    1.00    1.00    1.00    1.00      35b6
    18   6   -99   CALIB_HEP    1.00    1.00    1.00    1.00      35b7
    18   7   -99   CALIB_HEP    1.00    1.00    1.00    1.00      35b8
     1   4   -99   CALIB_HEP    1.00    1.00    1.00    1.00      35b9
     1   1   -99   CALIB_HEP    1.00    1.00    1.00    1.00      35ba
     1   2   -99   CALIB_HEP    1.00    1.00    1.00    1.00      35bb
     1   5   -99   CALIB_HEP    1.00    1.00    1.00    1.00      35bc
     1   6   -99   CALIB_HEP    1.00    1.00    1.00    1.00      35bd
     1   7   -99   CALIB_HEP    1.00    1.00    1.00    1.00      35be
     1   3   -99   CALIB_HFP    1.00    1.00    1.00    1.00      35bf
     1   1   -99   CALIB_HFP    1.00    1.00    1.00    1.00      35c0
     1   2   -99   CALIB_HFP    1.00    1.00    1.00    1.00      35c1
     2   3   -99   CALIB_HFP    1.00    1.00    1.00    1.00      35c2
     2   1   -99   CALIB_HFP    1.00    1.00    1.00    1.00      35c3
     2   2   -99   CALIB_HFP    1.00    1.00    1.00    1.00      35c4
     3   3   -99   CALIB_HFP    1.00    1.00    1.00    1.00      35c5
     3   1   -99   CALIB_HFP    1.00    1.00    1.00    1.00      35c6
     3   2   -99   CALIB_HFP    1.00    1.00    1.00    1.00      35c7
     4   3   -99   CALIB_HFP    1.00    1.00    1.00    1.00      35c8
     4   1   -99   CALIB_HFP    1.00    1.00    1.00    1.00      35c9
     4   2   -99   CALIB_HFP    1.00    1.00    1.00    1.00      35ca
     1   3   -99   CALIB_HFM    1.00    1.00    1.00    1.00      35cb
     1   1   -99   CALIB_HFM    1.00    1.00    1.00    1.00      35cc
     1   2   -99   CALIB_HFM    1.00    1.00    1.00    1.00      35cd
     2   3   -99   CALIB_HFM    1.00    1.00    1.00    1.00      35ce
     2   1   -99   CALIB_HFM    1.00    1.00    1.00    1.00      35cf
     2   2   -99   CALIB_HFM    1.00    1.00    1.00    1.00      35d0
     3   3   -99   CALIB_HFM    1.00    1.00    1.00    1.00      35d1
     3   1   -99   CALIB_HFM    1.00    1.00    1.00    1.00      35d2
     3   2   -99   CALIB_HFM    1.00    1.00    1.00    1.00      35d3
     4   3   -99   CALIB_HFM    1.00    1.00    1.00    1.00      35d4
     4   1   -99   CALIB_HFM    1.00    1.00    1.00    1.00      35d5
     4   2   -99   CALIB_HFM    1.00    1.00    1.00    1.00      35d6
    -1    1  -99   ZDC_EM       1.00    1.00    1.00    1.00    1409286161
    -1    2  -99   ZDC_EM       1.00    1.00    1.00    1.00    1409286162
    -1    3  -99   ZDC_EM       1.00    1.00    1.00    1.00    1409286163
    -1    4  -99   ZDC_EM       1.00    1.00    1.00    1.00    1409286164
    -1    5  -99   ZDC_EM       1.00    1.00    1.00    1.00    1409286165
    -1    1  -99   ZDC_HAD      1.00    1.00    1.00    1.00    1409286177
    -1    2  -99   ZDC_HAD      1.00    1.00    1.00    1.00    1409286178
    -1    3  -99   ZDC_HAD      1.00    1.00    1.00    1.00    1409286179
    -1    4  -99   ZDC_HAD      1.00    1.00    1.00    1.00    1409286180
    -1    1  -99   ZDC_LUM      1.00    1.00    1.00    1.00    1409286193
    -1    2  -99   ZDC_LUM      1.00    1.00    1.00    1.00    1409286194
     1    1  -99   ZDC_EM       1.00    1.00    1.00    1.00    1409286225
     1    2  -99   ZDC_EM       1.00    1.00    1.00    1.00    1409286226
     1    3  -99   ZDC_EM       1.00    1.00    1.00    1.00    1409286227
     1    4  -99   ZDC_EM       1.00    1.00    1.00    1.00    1409286228
     1    5  -99   ZDC_EM       1.00    1.00    1.00    1.00    1409286229
     1    1  -99   ZDC_HAD      1.00    1.00    1.00    1.00    1409286241
     1    2  -99   ZDC_HAD      1.00    1.00    1.00    1.00    1409286242
     1    3  -99   ZDC_HAD      1.00    1.00    1.00    1.00    1409286243
     1    4  -99   ZDC_HAD      1.00    1.00    1.00    1.00    1409286244
     1    1  -99   ZDC_LUM      1.00    1.00    1.00    1.00    1409286257
     1    2  -99   ZDC_LUM      1.00    1.00    1.00    1.00    1409286258
