#     i     cr     sl     tb      dcc    spigot  fiber  fibcha subdet   ieta    iphi    depth
      0      1      2      t       0       0       2       1     HB       1      11       1
      1      1      2      t       0       0       5       2     HB       2      11       1
      2      1      2      t       0       0       1       2     HB       3      11       1
      3      1      2      t       0       0       6       1     HB       4      11       1
      4      1      2      t       0       0       2       0     HB       5      11       1
      5      1      2      t       0       0       5       1     HB       6      11       1
      6      1      2      t       0       0       1       1     HB       7      11       1
      7      1      2      t       0       0       6       0     HB       8      11       1
      8      1      2      t       0       0       2       2     HB       9      11       1
      9      1      2      t       0       0       5       0     HB      10      11       1
     10      1      2      t       0       0       1       0     HB      11      11       1
     11      1      2      t       0       0       6       2     HB      12      11       1
     12      1      3      t       0       2       2       1     HB      13      11       1
     13      1      3      t       0       2       1       2     HB      14      11       1
     14      1      3      t       0       2       2       0     HB      15      11       1
     15      1      3      t       0       2       1       1     HB      15      11       2
     16      1      3      t       0       2       2       2     HB      16      11       1
     17      1      3      t       0       2       1       0     HB      16      11       2
     18      1      2      t       0       0       4       1     HB       1      12       1
     19      1      2      t       0       0       7       2     HB       2      12       1
     20      1      2      t       0       0       3       2     HB       3      12       1
     21      1      2      t       0       0       8       1     HB       4      12       1
     22      1      2      t       0       0       4       0     HB       5      12       1
     23      1      2      t       0       0       7       1     HB       6      12       1
     24      1      2      t       0       0       3       1     HB       7      12       1
     25      1      2      t       0       0       8       0     HB       8      12       1
     26      1      2      t       0       0       4       2     HB       9      12       1
     27      1      2      t       0       0       7       0     HB      10      12       1
     28      1      2      t       0       0       3       0     HB      11      12       1
     29      1      2      t       0       0       8       2     HB      12      12       1
     30      1      3      t       0       2       4       1     HB      13      12       1
     31      1      3      t       0       2       3       2     HB      14      12       1
     32      1      3      t       0       2       4       0     HB      15      12       1
     33      1      3      t       0       2       3       1     HB      15      12       2
     34      1      3      t       0       2       4       2     HB      16      12       1
     35      1      3      t       0       2       3       0     HB      16      12       2
     36      1      2      b       0       1       2       1     HB       1      13       1
     37      1      2      b       0       1       5       2     HB       2      13       1
     38      1      2      b       0       1       1       2     HB       3      13       1
     39      1      2      b       0       1       6       1     HB       4      13       1
     40      1      2      b       0       1       2       0     HB       5      13       1
     41      1      2      b       0       1       5       1     HB       6      13       1
     42      1      2      b       0       1       1       1     HB       7      13       1
     43      1      2      b       0       1       6       0     HB       8      13       1
     44      1      2      b       0       1       2       2     HB       9      13       1
     45      1      2      b       0       1       5       0     HB      10      13       1
     46      1      2      b       0       1       1       0     HB      11      13       1
     47      1      2      b       0       1       6       2     HB      12      13       1
     48      1      3      b       0       3       2       1     HB      13      13       1
     49      1      3      b       0       3       1       2     HB      14      13       1
     50      1      3      b       0       3       2       0     HB      15      13       1
     51      1      3      b       0       3       1       1     HB      15      13       2
     52      1      3      b       0       3       2       2     HB      16      13       1
     53      1      3      b       0       3       1       0     HB      16      13       2
     54      1      2      b       0       1       4       1     HB       1      14       1
     55      1      2      b       0       1       7       2     HB       2      14       1
     56      1      2      b       0       1       3       2     HB       3      14       1
     57      1      2      b       0       1       8       1     HB       4      14       1
     58      1      2      b       0       1       4       0     HB       5      14       1
     59      1      2      b       0       1       7       1     HB       6      14       1
     60      1      2      b       0       1       3       1     HB       7      14       1
     61      1      2      b       0       1       8       0     HB       8      14       1
     62      1      2      b       0       1       4       2     HB       9      14       1
     63      1      2      b       0       1       7       0     HB      10      14       1
     64      1      2      b       0       1       3       0     HB      11      14       1
     65      1      2      b       0       1       8       2     HB      12      14       1
     66      1      3      b       0       3       4       1     HB      13      14       1
     67      1      3      b       0       3       3       2     HB      14      14       1
     68      1      3      b       0       3       4       0     HB      15      14       1
     69      1      3      b       0       3       3       1     HB      15      14       2
     70      1      3      b       0       3       4       2     HB      16      14       1
     71      1      3      b       0       3       3       0     HB      16      14       2
     72      1      5      t       0       6       2       1     HB       1      15       1
     73      1      5      t       0       6       5       2     HB       2      15       1
     74      1      5      t       0       6       1       2     HB       3      15       1
     75      1      5      t       0       6       6       1     HB       4      15       1
     76      1      5      t       0       6       2       0     HB       5      15       1
     77      1      5      t       0       6       5       1     HB       6      15       1
     78      1      5      t       0       6       1       1     HB       7      15       1
     79      1      5      t       0       6       6       0     HB       8      15       1
     80      1      5      t       0       6       2       2     HB       9      15       1
     81      1      5      t       0       6       5       0     HB      10      15       1
     82      1      5      t       0       6       1       0     HB      11      15       1
     83      1      5      t       0       6       6       2     HB      12      15       1
     84      1      6      t       0       8       2       1     HB      13      15       1
     85      1      6      t       0       8       1       2     HB      14      15       1
     86      1      6      t       0       8       2       0     HB      15      15       1
     87      1      6      t       0       8       1       1     HB      15      15       2
     88      1      6      t       0       8       2       2     HB      16      15       1
     89      1      6      t       0       8       1       0     HB      16      15       2
     90      1      5      t       0       6       4       1     HB       1      16       1
     91      1      5      t       0       6       7       2     HB       2      16       1
     92      1      5      t       0       6       3       2     HB       3      16       1
     93      1      5      t       0       6       8       1     HB       4      16       1
     94      1      5      t       0       6       4       0     HB       5      16       1
     95      1      5      t       0       6       7       1     HB       6      16       1
     96      1      5      t       0       6       3       1     HB       7      16       1
     97      1      5      t       0       6       8       0     HB       8      16       1
     98      1      5      t       0       6       4       2     HB       9      16       1
     99      1      5      t       0       6       7       0     HB      10      16       1
    100      1      5      t       0       6       3       0     HB      11      16       1
    101      1      5      t       0       6       8       2     HB      12      16       1
    102      1      6      t       0       8       4       1     HB      13      16       1
    103      1      6      t       0       8       3       2     HB      14      16       1
    104      1      6      t       0       8       4       0     HB      15      16       1
    105      1      6      t       0       8       3       1     HB      15      16       2
    106      1      6      t       0       8       4       2     HB      16      16       1
    107      1      6      t       0       8       3       0     HB      16      16       2
    108      1      5      b       0       7       2       1     HB       1      17       1
    109      1      5      b       0       7       5       2     HB       2      17       1
    110      1      5      b       0       7       1       2     HB       3      17       1
    111      1      5      b       0       7       6       1     HB       4      17       1
    112      1      5      b       0       7       2       0     HB       5      17       1
    113      1      5      b       0       7       5       1     HB       6      17       1
    114      1      5      b       0       7       1       1     HB       7      17       1
    115      1      5      b       0       7       6       0     HB       8      17       1
    116      1      5      b       0       7       2       2     HB       9      17       1
    117      1      5      b       0       7       5       0     HB      10      17       1
    118      1      5      b       0       7       1       0     HB      11      17       1
    119      1      5      b       0       7       6       2     HB      12      17       1
    120      1      6      b       0       9       2       1     HB      13      17       1
    121      1      6      b       0       9       1       2     HB      14      17       1
    122      1      6      b       0       9       2       0     HB      15      17       1
    123      1      6      b       0       9       1       1     HB      15      17       2
    124      1      6      b       0       9       2       2     HB      16      17       1
    125      1      6      b       0       9       1       0     HB      16      17       2
    126      1      5      b       0       7       4       1     HB       1      18       1
    127      1      5      b       0       7       7       2     HB       2      18       1
    128      1      5      b       0       7       3       2     HB       3      18       1
    129      1      5      b       0       7       8       1     HB       4      18       1
    130      1      5      b       0       7       4       0     HB       5      18       1
    131      1      5      b       0       7       7       1     HB       6      18       1
    132      1      5      b       0       7       3       1     HB       7      18       1
    133      1      5      b       0       7       8       0     HB       8      18       1
    134      1      5      b       0       7       4       2     HB       9      18       1
    135      1      5      b       0       7       7       0     HB      10      18       1
    136      1      5      b       0       7       3       0     HB      11      18       1
    137      1      5      b       0       7       8       2     HB      12      18       1
    138      1      6      b       0       9       4       1     HB      13      18       1
    139      1      6      b       0       9       3       2     HB      14      18       1
    140      1      6      b       0       9       4       0     HB      15      18       1
    141      1      6      b       0       9       3       1     HB      15      18       2
    142      1      6      b       0       9       4       2     HB      16      18       1
    143      1      6      b       0       9       3       0     HB      16      18       2
    144      1      3      b       0       3       5       1     HE      16      13       3
    145      1      3      b       0       3       5       0     HE      17      13       1
    146      1      3      b       0       3       6       0     HE      18      13       1
    147      1      3      b       0       3       6       1     HE      18      13       2
    148      1      4      b       0       5       6       0     HE      19      13       1
    149      1      4      b       0       5       5       0     HE      19      13       2
    150      1      4      b       0       5       5       1     HE      20      13       1
    151      1      4      b       0       5       6       1     HE      20      13       2
    152      1      4      b       0       5       6       2     HE      21      13       1
    153      1      4      b       0       5       5       2     HE      21      13       2
    154      1      4      b       0       5       8       2     HE      22      13       1
    155      1      4      b       0       5       7       2     HE      22      13       2
    156      1      4      b       0       5       2       2     HE      23      13       1
    157      1      4      b       0       5       2       1     HE      23      13       2
    158      1      4      b       0       5       4       2     HE      24      13       1
    159      1      4      b       0       5       4       1     HE      24      13       2
    160      1      3      b       0       3       5       2     HE      25      13       1
    161      1      3      b       0       3       6       2     HE      25      13       2
    162      1      3      b       0       3       7       2     HE      26      13       1
    163      1      3      b       0       3       8       2     HE      26      13       2
    164      1      4      b       0       5       1       0     HE      27      13       1
    165      1      4      b       0       5       1       1     HE      27      13       2
    166      1      4      b       0       5       2       0     HE      27      13       3
    167      1      4      b       0       5       3       0     HE      28      13       1
    168      1      4      b       0       5       3       1     HE      28      13       2
    169      1      4      b       0       5       4       0     HE      28      13       3
    170      1      4      b       0       5       3       2     HE      29      13       1
    171      1      4      b       0       5       1       2     HE      29      13       2
    172      1      3      b       0       3       7       1     HE      16      14       3
    173      1      3      b       0       3       7       0     HE      17      14       1
    174      1      3      b       0       3       8       0     HE      18      14       1
    175      1      3      b       0       3       8       1     HE      18      14       2
    176      1      4      b       0       5       8       0     HE      19      14       1
    177      1      4      b       0       5       7       0     HE      19      14       2
    178      1      4      b       0       5       7       1     HE      20      14       1
    179      1      4      b       0       5       8       1     HE      20      14       2
    180      1      6      t       0       8       5       1     HE      16      15       3
    181      1      6      t       0       8       5       0     HE      17      15       1
    182      1      6      t       0       8       6       0     HE      18      15       1
    183      1      6      t       0       8       6       1     HE      18      15       2
    184      1      7      t       0      10       6       0     HE      19      15       1
    185      1      7      t       0      10       5       0     HE      19      15       2
    186      1      7      t       0      10       5       1     HE      20      15       1
    187      1      7      t       0      10       6       1     HE      20      15       2
    188      1      7      t       0      10       8       2     HE      21      15       1
    189      1      7      t       0      10       7       2     HE      21      15       2
    190      1      7      t       0      10       6       2     HE      22      15       1
    191      1      7      t       0      10       5       2     HE      22      15       2
    192      1      7      t       0      10       4       2     HE      23      15       1
    193      1      7      t       0      10       4       1     HE      23      15       2
    194      1      7      t       0      10       2       2     HE      24      15       1
    195      1      7      t       0      10       2       1     HE      24      15       2
    196      1      6      t       0       8       7       2     HE      25      15       1
    197      1      6      t       0       8       8       2     HE      25      15       2
    198      1      6      t       0       8       5       2     HE      26      15       1
    199      1      6      t       0       8       6       2     HE      26      15       2
    200      1      7      t       0      10       3       0     HE      27      15       1
    201      1      7      t       0      10       3       1     HE      27      15       2
    202      1      7      t       0      10       4       0     HE      27      15       3
    203      1      7      t       0      10       1       0     HE      28      15       1
    204      1      7      t       0      10       1       1     HE      28      15       2
    205      1      7      t       0      10       2       0     HE      28      15       3
    206      1      7      t       0      10       1       2     HE      29      15       1
    207      1      7      t       0      10       3       2     HE      29      15       2
    208      1      6      t       0       8       7       1     HE      16      16       3
    209      1      6      t       0       8       7       0     HE      17      16       1
    210      1      6      t       0       8       8       0     HE      18      16       1
    211      1      6      t       0       8       8       1     HE      18      16       2
    212      1      7      t       0      10       8       0     HE      19      16       1
    213      1      7      t       0      10       7       0     HE      19      16       2
    214      1      7      t       0      10       7       1     HE      20      16       1
    215      1      7      t       0      10       8       1     HE      20      16       2
# HO Ring 1
    216      1      8      t       0      12       1       0     HO       5      12  	  4
    217      1      8      t       0      12       1       1     HO       5      13  	  4
    218      1      8      t       0      12       1       2     HO       5      14  	  4
    219      1      8      t       0      12       2       0     HO       6      13  	  4
    220      1      8      t       0      12       2       1     HO       6      14  	  4
    221      1      8      t       0      12       2       2     HO       6      12  	  4
    222      1      8      t       0      12       3       0     HO       7      12  	  4
    223      1      8      t       0      12       3       1     HO       7      13  	  4
    224      1      8      t       0      12       3       2     HO       7      14  	  4
    225      1      8      t       0      12       4       0     HO       8      13  	  4
    226      1      8      t       0      12       4       1     HO       8      14  	  4
    227      1      8      t       0      12       4       2     HO       8      12  	  4
    228      1      8      t       0      12       5       0     HO       9      12  	  4
    229      1      8      t       0      12       5       1     HO       9      13  	  4
    230      1      8      t       0      12       5       2     HO       9      14  	  4
    231      1      8      t       0      12       6       0     HO      10      13  	  4
    232      1      8      t       0      12       6       1     HO      10      14  	  4
    233      1      8      t       0      12       6       2     HO      10      12  	  4
# HO  Ring 2
    234      1      8      b       0      13       5       0     HO      11      14   	  4
    235      1      8      b       0      13       5       1     HO      11      15   	  4
    236      1      8      b       0      13       5       2     HO      11      13   	  4
    237      1      8      b       0      13       4       0     HO      12      13   	  4
    238      1      8      b       0      13       4       1     HO      12      14   	  4
    239      1      8      b       0      13       4       2     HO      12      15   	  4
    240      1      8      b       0      13       3       0     HO      13      14   	  4
    241      1      8      b       0      13       3       1     HO      13      15   	  4
    242      1      8      b       0      13       3       2     HO      13      13   	  4
    243      1      8      b       0      13       2       0     HO      14      13   	  4
    244      1      8      b       0      13       2       1     HO      14      14   	  4
    245      1      8      b       0      13       2       2     HO      14      15   	  4
    246      1      8      b       0      13       1       0     HO      15      14   	  4
    247      1      8      b       0      13       1       1     HO      15      15   	  4
    248      1      8      b       0      13       1       2     HO      15      13   	  4
# HO Ring 0
    249      1      7      b       0      11       7       0     HO       1      13       4
    250      1      7      b       0      11       7       1     HO       2      13       4
    251      1      7      b       0      11       7       2     HO       3      13       4
    252      1      7      b       0      11       5       0     HO       4      13       4
    253      1      7      b       0      11       8       1     HO       1      14       4
    254      1      7      b       0      11       8       0     HO       2      14       4
    255      1      7      b       0      11       8       2     HO       3      14       4
    256      1      7      b       0      11       5       2     HO       4      14       4
    257      1      7      b       0      11       1       0     HO       1      15       4
    258      1      7      b       0      11       1       1     HO       2      15       4
    259      1      7      b       0      11       1       2     HO       3      15       4
    260      1      6      b       0       9       7       0     HO       4      15       4
    261      1      7      b       0      11       2       1     HO       1      16       4
    262      1      7      b       0      11       2       0     HO       2      16       4
    263      1      7      b       0      11       2       2     HO       3      16       4
    264      1      6      b       0       9       7       2     HO       4      16       4
# Calibration
    265      1      4      t       0       4       1       0    CBOX     HBP      1       1
    266      1      4      t       0       4       1       1    CBOX     HBP      1       2
    267      1      4      t       0       4       1       2    CBOX     HBP      1       3
    268      1      4      t       0       4       2       0    CBOX     HBP      2       1
    269      1      4      t       0       4       2       1    CBOX     HBP      2       2
    270      1      4      t       0       4       2       2    CBOX     HBP      2       3
    271      1      4      t       0       4       3       0    CBOX     HEP      1       1
    272      1      4      t       0       4       3       1    CBOX     HEP      1       2
    273      1      4      t       0       4       3       2    CBOX     HEP      1       3
    274      1      4      t       0       4       4       0    CBOX     HEP      1       4
    275      1      4      t       0       4       4       1    CBOX     HEP      1       5
    276      1      4      t       0       4       4       2    CBOX     HEP      1       6
    277      1      4      t       0       4       5       0    CBOX     HEP      2       1
    278      1      4      t       0       4       5       1    CBOX     HEP      2       2
    279      1      4      t       0       4       5       2    CBOX     HEP      2       3
    280      1      4      t       0       4       6       0    CBOX     HEP      2       4
    281      1      4      t       0       4       6       1    CBOX     HEP      2       5
    282      1      4      t       0       4       6       2    CBOX     HEP      2       6
    283      1      4      t       0       4       7       0    CBOX     HO1P     1       1
    284      1      4      t       0       4       7       1    CBOX     HO1P     1       2
    285      1      4      t       0       4       7       2    CBOX     HO1P     1       3
    286      1      4      t       0       4       8       0    CBOX     HO0      2       1
    287      1      4      t       0       4       8       1    CBOX     HO0      2       2
    288      1      4      t       0       4       8       2    CBOX     HO0      2       3
