#i          cr   sl tb  dcc  spigot fiber fiberchan subdet ieta iphi depth
1107321397  13   2  t   30     0    4        0       HO     4   53      4
1107321269  13   2  t   30     0    6        2       HO     3   53      4
1107321141  13   2  t   30     0    6        1       HO     2   53      4
1107321013  13   2  t   30     0    6        0       HO     1   53      4
1107312821  13   2  t   30     0    2        0       HO    -1   53      4
1107312949  13   2  t   30     0    2        2       HO    -2   53      4
1107313077  13   2  t   30     0    2        1       HO    -3   53      4
1107313205  13   2  t   30     0    5        2       HO    -4   53      4
1107321398  13   2  t   30     0    4        2       HO     4   54      4
1107321270  13   2  t   30     0    7        2       HO     3   54      4
1107321142  13   2  t   30     0    7        0       HO     2   54      4
1107321014  13   2  t   30     0    7        1       HO     1   54      4
1107312822  13   2  t   30     0    3        1       HO    -1   54      4
1107312950  13   2  t   30     0    3        2       HO    -2   54      4
1107313078  13   2  t   30     0    3        0       HO    -3   54      4
1107313206  13   2  t   30     0    5        1       HO    -4   54      4
1107321399  13   3  b   30     3    4        0       HO     4   55      4
1107321271  13   3  b   30     3    6        2       HO     3   55      4
1107321143  13   3  b   30     3    6        1       HO     2   55      4
1107321015  13   3  b   30     3    6        0       HO     1   55      4
1107312823  13   3  b   30     3    2        0       HO    -1   55      4
1107312951  13   3  b   30     3    2        2       HO    -2   55      4
1107313079  13   3  b   30     3    2        1       HO    -3   55      4
1107321399  13   3  b   30     3    5        2       HO    -4   55      4
1107321400  13   3  b   30     3    4        2       HO     4   56      4
1107321272  13   3  b   30     3    7        2       HO     3   56      4
1107321144  13   3  b   30     3    7        0       HO     2   56      4
1107321016  13   3  b   30     3    7        1       HO     1   56      4
1107312824  13   3  b   30     3    3        1       HO    -1   56      4
1107312952  13   3  b   30     3    3        2       HO    -2   56      4
1107313080  13   3  b   30     3    3        0       HO    -3   56      4
1107313208  13   3  b   30     3    5        1       HO    -4   56      4
1107321401  13   3  t   30     2    4        0       HO     4   57      4
1107321273  13   3  t   30     2    6        2       HO     3   57      4
1107321145  13   3  t   30     2    6        1       HO     2   57      4
1107321017  13   3  t   30     2    6        0       HO     1   57      4
1107312825  13   3  t   30     2    2        0       HO    -1   57      4
1107312953  13   3  t   30     2    2        2       HO    -2   57      4
1107313081  13   3  t   30     2    2        1       HO    -3   57      4
1107313209  13   3  t   30     2    5        2       HO    -4   57      4
1107321402  13   3  t   30     2    4        2       HO     4   58      4
1107321274  13   3  t   30     2    7        2       HO     3   58      4
1107321146  13   3  t   30     2    7        0       HO     2   58      4
1107321018  13   3  t   30     2    7        1       HO     1   58      4
1107312826  13   3  t   30     2    3        1       HO    -1   58      4
1107312954  13   3  t   30     2    3        2       HO    -2   58      4
1107313082  13   3  t   30     2    3        0       HO    -3   58      4
1107313210  13   3  t   30     2    5        1       HO    -4   58      4
1111	    13   8  b   30    13    2        0       HO     1    1      4
1112        13   8  b   30    13    2        1       HO     2    1      4
1113        13   8  b   30    13    2        2       HO     3    1      4

