# i  cr sl tb dcc spigot fiber fiberchan subdet ieta iphi depth
0000  0  7  b   0     11     2         1     HE  16    54     3
0001  0  7  b   0     11     2         0     HE  17    54     1
0002  0  7  b   0     11     3         0     HE  18    54     1
0003  0  7  b   0     11     3         1     HE  18    54     2
0004  0  7  b   0     11     7         0     HE  19    54     1
0005  0  7  b   0     11     6         0     HE  19    54     2
0006  0  7  b   0     11     6         1     HE  20    54     1
0007  0  7  b   0     11     7         1     HE  20    54     2
0008  0  7  t   0     10     7         2     HE  21    53     1
0009  0  7  t   0     10     6         2     HE  21    53     2
0010  0  7  b   0     11     7         2     HE  22    53     1
0011  0  7  b   0     11     6         2     HE  22    53     2
0012  0  7  t   0     10     5         2     HE  23    53     1
0013  0  7  t   0     10     5         1     HE  23    53     2
0014  0  7  b   0     11     5         2     HE  24    53     1
0015  0  7  b   0     11     5         1     HE  24    53     2
0016  0  7  t   0     10     2         2     HE  25    53     1
0017  0  7  t   0     10     3         2     HE  25    53     2
0018  0  7  b   0     11     2         2     HE  26    53     1
0019  0  7  b   0     11     3         2     HE  26    53     2
0020  0  7  t   0     10     4         0     HE  27    53     1
0021  0  7  t   0     10     4         1     HE  27    53     2
0022  0  7  t   0     10     5         0     HE  27    53     3
0023  0  7  b   0     11     4         0     HE  28    53     1
0024  0  7  b   0     11     4         1     HE  28    53     2
0025  0  7  b   0     11     5         0     HE  28    53     3
0026  0  7  b   0     11     4         2     HE  29    53     1
0027  0  7  t   0     10     4         2     HE  29    53     2
#
0028  0  7  t   0     10     2         1     HE  16    53     3
0029  0  7  t   0     10     2         0     HE  17    53     1
0030  0  7  t   0     10     3         0     HE  18    53     1
0031  0  7  t   0     10     3         1     HE  18    53     2
0032  0  7  t   0     10     7         0     HE  19    53     1
0033  0  7  t   0     10     6         0     HE  19    53     2
0034  0  7  t   0     10     6         1     HE  20    53     1
0035  0  7  t   0     10     7         1     HE  20    53     2
#
0040  0  4  b   0      5     2         1     HE  16    52     3
0041  0  4  b   0      5     2         0     HE  17    52     1
0042  0  4  b   0      5     3         0     HE  18    52     1
0043  0  4  b   0      5     3         1     HE  18    52     2
0044  0  4  b   0      5     7         0     HE  19    52     1
0045  0  4  b   0      5     6         0     HE  19    52     2
0046  0  4  b   0      5     6         1     HE  20    52     1
0047  0  4  b   0      5     7         1     HE  20    52     2
0048  0  4  t   0      4     7         2     HE  21    51     1
0049  0  4  t   0      4     6         2     HE  21    51     2
0050  0  4  b   0      5     7         2     HE  22    51     1
0051  0  4  b   0      5     6         2     HE  22    51     2
0052  0  4  t   0      4     5         2     HE  23    51     1
0053  0  4  t   0      4     5         1     HE  23    51     2
0054  0  4  b   0      5     5         2     HE  24    51     1
0055  0  4  b   0      5     5         1     HE  24    51     2
0056  0  4  t   0      4     2         2     HE  25    51     1
0057  0  4  t   0      4     3         2     HE  25    51     2
0058  0  4  b   0      5     2         2     HE  26    51     1
0059  0  4  b   0      5     3         2     HE  26    51     2
0060  0  4  t   0      4     4         0     HE  27    51     1
0061  0  4  t   0      4     4         1     HE  27    51     2
0062  0  4  t   0      4     5         0     HE  27    51     3
0063  0  4  b   0      5     4         0     HE  28    51     1
0064  0  4  b   0      5     4         1     HE  28    51     2
0065  0  4  b   0      5     5         0     HE  28    51     3
0066  0  4  b   0      5     4         2     HE  29    51     1
0067  0  4  t   0      4     4         2     HE  29    51     2
#  	
0068  0  4  t   0      4     2         1     HE  16    51     3
0069  0  4  t   0      4     2         0     HE  17    51     1
0070  0  4  t   0      4     3         0     HE  18    51     1
0071  0  4  t   0      4     3         1     HE  18    51     2
0072  0  4  t   0      4     7         0     HE  19    51     1
0073  0  4  t   0      4     6         0     HE  19    51     2
0074  0  4  t   0      4     6         1     HE  20    51     1
0075  0  4  t   0      4     7         1     HE  20    51     2
#
