# data for TB'2004 HB1 from Jordan D.
# eta phi depth 4 capIds x GeV/ADC
1  1  1  HB  0.213678  0.213678  0.213678  0.213678
2  1  1  HB  0.209275  0.209275  0.209275  0.209275
3  1  1  HB  0.195023  0.195023  0.195023  0.195023
4  1  1  HB  0.186436  0.186436  0.186436  0.186436
5  1  1  HB  0.200584  0.200584  0.200584  0.200584
6  1  1  HB  0.200528  0.200528  0.200528  0.200528
7  1  1  HB  0.189575  0.189575  0.189575  0.189575
8  1  1  HB  0.176214  0.176214  0.176214  0.176214
9  1  1  HB  0.179167  0.179167  0.179167  0.179167
10  1  1  HB  0.189331  0.189331  0.189331  0.189331
11  1  1  HB  0.178986  0.178986  0.178986  0.178986
12  1  1  HB  0.170032  0.170032  0.170032  0.170032
13  1  1  HB  0.17386  0.17386  0.17386  0.17386
14  1  1  HB  0.160737  0.160737  0.160737  0.160737
15  1  1  HB  0.131326  0.131326  0.131326  0.131326
15  1  2  HB  0.125724  0.125724  0.125724  0.125724
16  1  1  HB  0.142307  0.142307  0.142307  0.142307
16  1  2  HB  0.125159  0.125159  0.125159  0.125159
1  2  1  HB  0.232421  0.232421  0.232421  0.232421
2  2  1  HB  0.225094  0.225094  0.225094  0.225094
3  2  1  HB  0.215703  0.215703  0.215703  0.215703
4  2  1  HB  0.213506  0.213506  0.213506  0.213506
5  2  1  HB  0.211701  0.211701  0.211701  0.211701
6  2  1  HB  0.204902  0.204902  0.204902  0.204902
7  2  1  HB  0.199325  0.199325  0.199325  0.199325
8  2  1  HB  0.199409  0.199409  0.199409  0.199409
9  2  1  HB  0.194604  0.194604  0.194604  0.194604
10  2  1  HB  0.196355  0.196355  0.196355  0.196355
11  2  1  HB  0.198027  0.198027  0.198027  0.198027
12  2  1  HB  0.195484  0.195484  0.195484  0.195484
13  2  1  HB  0.175931  0.175931  0.175931  0.175931
14  2  1  HB  0.152881  0.152881  0.152881  0.152881
15  2  1  HB  0.153179  0.153179  0.153179  0.153179
15  2  2  HB  0.145112  0.145112  0.145112  0.145112
16  2  1  HB  0.119142  0.119142  0.119142  0.119142
16  2  2  HB  0.124492  0.124492  0.124492  0.124492
1  3  1  HB  0.1846  0.1846  0.1846  0.1846
2  3  1  HB  0.187603  0.187603  0.187603  0.187603
3  3  1  HB  0.17418  0.17418  0.17418  0.17418
4  3  1  HB  0.175574  0.175574  0.175574  0.175574
5  3  1  HB  0.175242  0.175242  0.175242  0.175242
6  3  1  HB  0.178207  0.178207  0.178207  0.178207
7  3  1  HB  0.166213  0.166213  0.166213  0.166213
8  3  1  HB  0.170605  0.170605  0.170605  0.170605
9  3  1  HB  0.171963  0.171963  0.171963  0.171963
10  3  1  HB  0.164029  0.164029  0.164029  0.164029
11  3  1  HB  0.168177  0.168177  0.168177  0.168177
12  3  1  HB  0.168992  0.168992  0.168992  0.168992
13  3  1  HB  0.145968  0.145968  0.145968  0.145968
14  3  1  HB  0.150136  0.150136  0.150136  0.150136
15  3  1  HB  0.131758  0.131758  0.131758  0.131758
15  3  2  HB  0.128368  0.128368  0.128368  0.128368
16  3  1  HB  0.105977  0.105977  0.105977  0.105977
16  3  2  HB  0.119769  0.119769  0.119769  0.119769
1  4  1  HB  0.282657  0.282657  0.282657  0.282657
2  4  1  HB  0.258012  0.258012  0.258012  0.258012
3  4  1  HB  0.26693  0.26693  0.26693  0.26693
4  4  1  HB  0.246919  0.246919  0.246919  0.246919
5  4  1  HB  0.245735  0.245735  0.245735  0.245735
6  4  1  HB  0.237612  0.237612  0.237612  0.237612
7  4  1  HB  0.22727  0.22727  0.22727  0.22727
8  4  1  HB  0.223228  0.223228  0.223228  0.223228
9  4  1  HB  0.217578  0.217578  0.217578  0.217578
10  4  1  HB  0.21005  0.21005  0.21005  0.21005
11  4  1  HB  0.193489  0.193489  0.193489  0.193489
12  4  1  HB  0.216438  0.216438  0.216438  0.216438
13  4  1  HB  0.190492  0.190492  0.190492  0.190492
14  4  1  HB  0.175947  0.175947  0.175947  0.175947
15  4  1  HB  0.163944  0.163944  0.163944  0.163944
15  4  2  HB  0.117741  0.117741  0.117741  0.117741
16  4  1  HB  0.145027  0.145027  0.145027  0.145027
16  4  2  HB  0.134044  0.134044  0.134044  0.134044
